101000000100000000000000000000
000000000000000000000000000000
000000000000010000000000000000
000000000001010000000000000000
000000000001000000000010000000
000000000000000000000000000000
000000000010000000000011100000
000000000000000000000111000001
000000000000001100000000100000
000000000000000001000000000000
000000000000000001000000000100
000000000000000000000000000000
000000000000000000000100000110
000000000000000000000000000000
000000000010000000000000000000
000000000010000000000000000000
011000000000000001000000000000
000000000000000000100000000000
010000001100000000000000000000
000000000000000000000000000000
